300
53 1
33 2
98 3
55 4
87 5
29 6
47 7
35 8
22 9
41 10
54 11
59 12
20 13
70 14
52 15
15 16
79 17
93 18
41 19
49 20
90 21
100 22
21 23
9 24
27 25
20 26
52 27
11 28
96 29
23 30
85 31
45 32
96 33
30 34
8 35
96 36
13 37
46 38
46 39
42 40
42 41
25 42
52 43
71 44
80 45
96 46
4 47
99 48
63 49
25 50
62 51
44 52
24 53
84 54
42 55
78 56
19 57
20 58
77 59
85 60
77 61
45 62
11 63
67 64
85 65
62 66
16 67
73 68
96 69
42 70
86 71
57 72
75 73
81 74
67 75
27 76
58 77
38 78
53 79
2 80
29 81
8 82
72 83
86 84
4 85
60 86
1 87
42 88
33 89
63 90
50 91
34 92
3 93
51 94
35 95
20 96
71 97
41 98
17 99
84 100
74322 629
21367 535
60300 517
59537 107
55076 256
91229 712
23515 519
24532 791
78823 981
73718 256
2 756
70630 5
83712 70
0 996
66531 822
77316 423
47704 982
33780 749
3058 649
23567 696
58940 497
51263 847
38401 327
91756 292
20486 88
7232 653
47835 396
37630 157
14552 591
24980 82
25613 522
63598 398
13926 185
32684 960
22247 701
88561 179
82116 914
88772 172
18502 96
83584 862
82939 971
65902 551
1 1
44032 674
6279 993
30022 869
48949 8
96316 155
55908 342
84119 657
50644 787
64413 211
2235 628
28276 886
21842 186
75392 405
4064 232
67959 863
78477 960
31462 709
62950 588
82772 214
52453 63
46268 557
5184 11
4742 407
29407 938
50405 904
82777 144
50143 37
25294 806
27402 210
10820 86
53484 347
22604 411
86856 724
35772 73
13021 588
4189 87
61872 548
11908 834
57592 162
25546 35
91895 914
99142 349
79126 290
89809 82
79224 179
41087 134
15939 917
42563 968
77532 873
27569 990
76946 615
88835 400
75928 760
6615 834
21557 27
86221 340
81934 818
539857506964 570
157909083090 642
433595030954 636
987283789645 818
982297802336 676
145582342417 557
302211671395 703
579304103373 624
981316988583 651
51332680293 892
511128978424 909
619980017106 736
389765032487 666
764363143851 687
293164831232 763
190721156093 575
267652703554 977
194291756343 607
289515540906 893
47355328495 954
707280920790 719
308530035307 558
724269526983 646
205253829690 880
332218465669 898
913715467216 727
876631028955 817
437081248927 968
877061726898 994
194384584799 516
835813711294 598
783091144973 571
187253423254 780
533036341464 796
314943288184 997
692637572624 606
373373248320 684
344185735698 692
265970424070 951
686931319896 514
893118393000 642
107884506071 724
940570853306 638
988400146178 539
996364493421 848
142239362261 857
277273178992 918
542437623258 798
957755513664 887
424934512230 927
900216113116 800
442855980366 741
249613547843 829
46049650907 829
609133760023 891
876546256040 532
187533829259 995
147055480706 834
177707301778 825
507390928834 777
293207921057 750
45623940771 864
420554832539 867
124162280032 671
14638261461 612
189624956239 667
604752796463 693
388429008870 918
611195677785 568
846474709128 789
360423522278 621
801691112385 585
690907086695 792
408290074628 941
640185141038 645
382128075723 800
963208313441 643
974081763407 555
180513999950 707
446815809772 615
703767758356 756
779669125896 580
230188711995 833
469617580127 701
252463932803 727
260964596130 633
400653086015 693
540876559899 702
124759011749 986
102343276149 905
721531508628 549
178298703065 663
828598524601 968
148077538150 593
557622728692 699
500565422303 747
854316059262 853
837938493592 812
96175151130 868
193536911655 891
